function dy = burstode(t,y)

dy = zeros(4,1);
dy(1) = -1*0.005*y(1) + 1*0.5*y(4);
dy(2) = -1*0.005*y(2)-1*0.03*y(2) + 1*0.002*y(3) + 1*0.03*y(2);
dy(3) = -1*0.002*y(3)-1*0*y(3) + 1*0.005*y(2) + 1*0*y(3);
dy(4) = -1*0.008*y(4)-1*0.5*y(4) + 1*0*y(3) + 1*0.03*y(2) + 1*0.5*y(4);
